1994 0.0 0.0
1995 0.02305608083845383 0.04509580732952683
1996 0.08070524864673216 0.1487542517367165
1997 0.10642957897454917 0.19269966228115015
1998 0.07594853971766372 0.09795576467654724
1999 0.13306071588683316 0.17347066947565795
2000 0.16419076468075375 0.22825715522954956
2001 0.23185323256735557 0.23933799258849053
2002 0.23264295316162353 0.2718344389657136
2003 0.25981282987687937 0.2720474945865554
2004 0.21927138724733042 0.2183303923549487
2005 0.2090033146289128 0.2364040252680802
2006 0.338494068805625 0.33417981261297836
2007 0.28362358045303987 0.2607753252314621
2008 0.2909509048700239 0.2926839969724057
2009 0.318068916751429 0.2965244233021017
2010 0.3255254793773205 0.32469571199057906
2011 0.4214500350985318 0.3435333706460059
2012 0.5193314628008822 0.32039414962997453
2013 0.4782378780376747 0.3455940347283088
2014 0.5544388287542397 0.33052155003870554
2015 0.5033546156151424 0.36624558820170205
2016 0.5140553563598472 0.3499811043381764
2017 0.4865339621479267 0.29848063295196275
2018 0.49031300236754916 0.3530798835797513
2019 0.48564879483970996 0.34394770648788503
2020 0.47115544989802227 0.3225897794776072
2021 0.3877514369028145 0.2712308050880964
2022 0.42296866646986914 0.2988595094626656
