1992 0.005952380952380952 0.02916059217599021
1993 0.051229912254756975 0.21778027160077051
1994 0.08147138411850924 0.2037520305766912
1995 0.07983570563199383 0.12631609781854583
1996 0.12499123468550713 0.2205495802471546
1997 0.12398065256326717 0.12119349046647149
1998 0.22083410995031702 0.30969155667973886
1999 0.12508550851190403 0.1615853889693245
2000 0.15272943104943182 0.2346500487917293
2001 0.15713589709043702 0.24660636242752548
2002 0.1981458347597759 0.2563198039590422
2003 0.2507822089554409 0.27836359746717587
2004 0.2810568060148165 0.29079273016409424
2005 0.2784024572813196 0.3083970551488685
2006 0.24346199205352018 0.27939133718590675
2007 0.3517076412856873 0.3477692235406872
2008 0.2867511396012041 0.33090973978995136
2009 0.3583581890885482 0.31671164906359345
2010 0.34206160130911933 0.29188550068983704
2011 0.3178917048112994 0.36479580547370827
2012 0.382015196182931 0.3463880671744096
2013 0.3913817343713619 0.34298861879510323
2014 0.41537514115283386 0.35542711914866465
2015 0.4883150281458618 0.35753955309364943
2016 0.5923268804325755 0.3601617721802642
